PMT number
0 1 2 3 4 5 6 7 8 9 10 11 12 13 14 15 
16 17 18 19 20 21 22 23 24 25 26 27 28 29 30 31 
32 33 34 35 36 37 38 39 40 41 42 43 44 45 46 47 
48 49 50 51 52 53 54 55 56 57 58 59 60 61 62 63 
64 65 66 67 68 69 70 71 72 73 74 75 76 77 78 79 
80 81 82 83 84 85 86 87 88 89 90 91 92 93 94 95 
96 97 98 99 100 101 102 103 104 105 106 107 108 109 110 111 
112 113 114 115 116 117 118 119 120 121 122 123 124 125 126 127 
128 129 130 131 132 133 134 135 136 137 138 139 140 141 142 143 
144 145 146 147 148 149 150 151 152 153 154 155 156 157 158 159 
160 161 162 163 164 165 166 167 168 169 170 171 172 173 174 175 
176 177 178 179 180 181 182 183 184 185 186 187 188 189 190 191 
192 193 194 195 196 197 198 199 200 201 202 203 204 205 206 207 
208 209 210 211 212 213 214 215 216 217 218 219 220 221 222 223 
224 225 226 227 228 229 230 231 232 233 234 235 236 237 238 239 
240 241 242 243 244 245 246 247 248 249 250 251 252 253 254 255 
256 257 258 259 260 261 262 263 264 265 266 267 268 269 270 271 
272 273 274 275 276 277 278 279 280 281 282 283 284 285 286 287 
288 289 290 291 292 293 294 295 296 297 298 299 300 301 302 303 
304 305 306 307 308 309 310 311 312 313 314 315 316 317 318 319 
320 321 322 323 324 325 326 327 328 329 330 331 332 333 334 335 
336 337 338 339 340 341 342 343 344 345 346 347 348 349 350 351 
352 353 354 355 356 357 358 359 360 361 362 363 364 365 366 367 
368 369 370 371 372 373 374 375 376 377 378 379 380 381 382 383 
384 385 386 387 388 389 390 391 392 393 394 395 396 397 398 399 
400 401 402 403 404 405 406 407 408 409 410 411 412 413 414 415 
416 417 418 419 420 421 422 423 424 425 426 427 428 429 430 431 
432 433 434 435 436 437 438 439 440 441 442 443 444 445 446 447 
448 449 450 451 452 453 454 455 456 457 458 459 460 461 462 463 
464 465 466 467 468 469 470 471 472 473 474 475 476 477 478 479 
480 481 482 483 484 485 486 487 488 489 490 491 492 493 494 495 
496 497 498 499 500 501 502 503 504 505 506 507 508 509 0 0

LE mean for cluster events
-10 200 -10 203 -10 198 -10 -10 -10 -10 194 201 -10 -10 196 -10 
199 -10 194 -10 -10 -10 201 200 -10 -10 -10 -10 207 193 201 -10 
-10 -10 -10 204 198 -10 199 200 -10 -10 -10 -10 -10 -10 197 -10 
200 -10 -10 -10 -10 197 203 196 -10 -10 -10 -10 -10 199 192 -10 
-10 196 -10 -10 -10 199 200 197 200 190 201 200 -10 -10 194 196 
193 199 199 -10 -10 -10 197 199 197 199 199 200 189 -10 197 200 
198 201 199 201 199 -10 -10 196 198 200 200 200 -10 199 -10 198 
202 200 200 201 200 199 189 -10 199 199 199 201 200 200 200 -10 
198 200 201 199 201 197 200 200 206 201 202 200 201 200 202 202 
-10 -10 201 201 200 200 200 200 -10 -10 201 199 200 200 201 201 
201 -10 201 201 200 200 200 201 200 -10 -10 200 201 200 200 200 
199 200 -10 198 199 201 200 200 200 201 202 -10 196 199 200 201 
200 200 199 -10 196 201 201 200 201 200 200 -10 -10 199 201 201 
200 201 200 201 -10 199 200 200 200 200 200 201 198 -10 201 201 
200 201 200 200 200 -10 199 199 201 200 199 200 200 197 -10 200 
199 200 200 200 200 203 -10 199 201 200 200 200 200 199 -10 -10 
198 200 200 200 199 199 198 -10 200 200 200 200 200 199 200 -10 
190 200 200 200 200 201 202 -10 200 194 200 200 200 200 201 -10 
200 202 199 200 200 200 201 -10 -10 -10 200 202 200 200 200 -10 
-10 -10 -10 200 200 200 200 200 196 -10 198 195 200 200 200 200 
-10 -10 200 -10 200 200 200 200 200 205 -10 -10 198 200 201 200 
202 201 200 -10 -10 199 201 200 200 200 198 -10 200 -10 200 201 
200 200 199 -10 -10 -10 198 200 199 201 201 200 -10 -10 -10 194 
197 200 200 200 204 -10 -10 198 199 200 200 200 200 196 -10 -10 
-10 203 200 199 199 194 191 -10 194 201 199 200 199 199 200 -10 
-10 196 198 199 200 200 198 -10 192 194 197 198 199 200 199 198 
-10 194 199 199 199 200 199 211 198 197 201 200 199 199 200 200 
198 198 198 198 199 199 200 200 201 194 196 199 199 199 200 201 
-10 193 197 195 199 199 200 200 200 199 198 198 196 197 199 200 
201 200 195 -10 197 198 191 201 201 199 196 -10 195 197 199 197 
-10 197 -10 -10 -10 202 199 -10 -10 208 -10 -10 -10 204 193 -10 
-10 200 199 196 -10 -10 205 -10 206 -10 201 195 -10 -10 0 0

LE mean for clusters - 200
-210 -0 -210 3 -210 -2 -210 -210 -210 -210 -6 1 -210 -210 -4 -210 
-1 -210 -6 -210 -210 -210 1 -0 -210 -210 -210 -210 7 -7 1 -210 
-210 -210 -210 4 -2 -210 -1 -0 -210 -210 -210 -210 -210 -210 -3 -210 
0 -210 -210 -210 -210 -3 3 -4 -210 -210 -210 -210 -210 -1 -8 -210 
-210 -4 -210 -210 -210 -1 0 -3 -0 -10 1 0 -210 -210 -6 -4 
-7 -1 -1 -210 -210 -210 -3 -1 -3 -1 -1 0 -11 -210 -3 0 
-2 1 -1 1 -1 -210 -210 -4 -2 0 -0 -0 -210 -1 -210 -2 
2 -0 -0 1 -0 -1 -11 -210 -1 -1 -1 1 -0 -0 -0 -210 
-2 0 1 -1 1 -3 0 -0 6 1 2 -0 1 0 2 2 
-210 -210 1 1 0 0 0 0 -210 -210 1 -1 -0 -0 1 1 
1 -210 1 1 0 0 -0 1 0 -210 -210 -0 1 -0 0 -0 
-1 0 -210 -2 -1 1 0 -0 0 1 2 -210 -4 -1 0 1 
-0 0 -1 -210 -4 1 1 0 1 0 0 -210 -210 -1 1 1 
0 1 -0 1 -210 -1 0 -0 0 -0 0 1 -2 -210 1 1 
-0 1 0 0 0 -210 -1 -1 1 -0 -1 0 0 -3 -210 0 
-1 -0 -0 0 -0 3 -210 -1 1 0 -0 -0 0 -1 -210 -210 
-2 -0 0 0 -1 -1 -2 -210 0 -0 0 0 0 -1 -0 -210 
-10 0 0 0 -0 1 2 -210 0 -6 0 -0 -0 -0 1 -210 
-0 2 -1 0 0 0 1 -210 -210 -210 -0 2 0 -0 0 -210 
-210 -210 -210 0 -0 0 -0 0 -4 -210 -2 -5 -0 -0 0 0 
-210 -210 -0 -210 0 0 0 0 -0 5 -210 -210 -2 0 1 -0 
2 1 -0 -210 -210 -1 1 -0 -0 -0 -2 -210 0 -210 -0 1 
0 0 -1 -210 -210 -210 -2 0 -1 1 1 0 -210 -210 -210 -6 
-3 -0 -0 0 4 -210 -210 -2 -1 -0 0 -0 0 -4 -210 -210 
-210 3 0 -1 -1 -6 -9 -210 -6 1 -1 0 -1 -1 0 -210 
-210 -4 -2 -1 -0 -0 -2 -210 -8 -6 -3 -2 -1 -0 -1 -2 
-210 -6 -1 -1 -1 -0 -1 11 -2 -3 1 0 -1 -1 -0 -0 
-2 -2 -2 -2 -1 -1 -0 -0 1 -6 -4 -1 -1 -1 0 1 
-210 -7 -3 -5 -1 -1 0 0 0 -1 -2 -2 -4 -3 -1 -0 
1 -0 -5 -210 -3 -2 -9 1 1 -1 -4 -210 -5 -3 -1 -3 
-210 -3 -210 -210 -210 2 -1 -210 -210 8 -210 -210 -210 4 -7 -210 
-210 -0 -1 -4 -210 -210 5 -210 6 -210 1 -5 -210 -210 0 0

LE mean for LED events
-10 -10 -10 -10 -10 -10 -10 -10 -10 -10 -10 -10 -10 -10 -10 -10 
-10 -10 -10 -10 -10 -10 -10 -10 -10 -10 -10 -10 -10 -10 -10 -10 
-10 -10 -10 -10 -10 -10 -10 -10 -10 -10 -10 -10 -10 -10 -10 -10 
-10 -10 -10 -10 -10 -10 -10 -10 -10 -10 -10 -10 -10 -10 -10 -10 
-10 -10 -10 -10 -10 -10 -10 -10 -10 -10 -10 -10 -10 -10 -10 -10 
-10 -10 -10 -10 -10 -10 -10 -10 -10 -10 -10 -10 -10 -10 -10 -10 
-10 -10 -10 -10 -10 -10 -10 -10 -10 -10 -10 -10 -10 -10 -10 -10 
-10 -10 -10 -10 -10 -10 -10 -10 -10 -10 -10 -10 -10 -10 -10 -10 
-10 -10 -10 -10 -10 -10 -10 -10 -10 -10 -10 -10 -10 -10 -10 -10 
-10 -10 -10 -10 -10 -10 -10 -10 -10 -10 -10 -10 -10 -10 -10 -10 
-10 -10 -10 -10 -10 -10 -10 -10 -10 -10 -10 -10 -10 -10 -10 -10 
-10 -10 -10 -10 -10 -10 -10 -10 -10 -10 -10 -10 -10 -10 -10 -10 
-10 -10 -10 -10 -10 -10 -10 -10 -10 -10 -10 -10 -10 -10 -10 -10 
-10 -10 -10 -10 -10 -10 -10 -10 -10 -10 -10 -10 -10 -10 -10 -10 
-10 -10 -10 -10 -10 -10 -10 -10 -10 -10 -10 -10 -10 -10 -10 -10 
-10 -10 -10 -10 -10 -10 -10 -10 -10 -10 -10 -10 -10 -10 -10 -10 
-10 -10 -10 -10 -10 -10 -10 -10 -10 -10 -10 -10 -10 -10 -10 -10 
-10 -10 -10 -10 -10 -10 -10 -10 -10 -10 -10 -10 -10 -10 -10 -10 
-10 -10 -10 -10 -10 -10 -10 -10 -10 -10 -10 -10 -10 -10 -10 -10 
-10 -10 -10 -10 -10 -10 -10 -10 -10 -10 -10 -10 -10 -10 -10 -10 
-10 -10 -10 -10 -10 -10 -10 -10 -10 -10 -10 -10 -10 -10 -10 -10 
-10 -10 -10 -10 -10 -10 -10 -10 -10 -10 -10 -10 -10 -10 -10 -10 
-10 -10 -10 -10 -10 -10 -10 -10 -10 -10 -10 -10 -10 -10 -10 -10 
-10 -10 -10 -10 -10 -10 -10 -10 -10 -10 -10 -10 -10 -10 -10 -10 
-10 -10 -10 -10 -10 -10 -10 -10 -10 -10 -10 -10 -10 -10 -10 -10 
-10 -10 -10 -10 -10 -10 -10 -10 -10 -10 -10 -10 -10 -10 -10 -10 
-10 -10 -10 -10 -10 -10 -10 -10 -10 -10 -10 -10 -10 -10 -10 -10 
-10 -10 -10 -10 -10 -10 -10 -10 -10 -10 -10 -10 -10 -10 -10 -10 
-10 -10 -10 -10 -10 -10 -10 -10 -10 -10 -10 -10 -10 -10 -10 -10 
-10 -10 -10 -10 -10 -10 -10 -10 -10 -10 -10 -10 -10 -10 -10 -10 
-10 -10 -10 -10 -10 -10 -10 -10 -10 -10 -10 -10 -10 -10 -10 -10 
-10 -10 -10 -10 -10 -10 -10 -10 -10 -10 -10 -10 -10 -10 0 0

led mean - 1120  
-100 -100 -100 -100 -100 -100 -100 -100 -100 -100 -100 -100 -100 -100 -100 -100 
-100 -100 -100 -100 -100 -100 -100 -100 -100 -100 -100 -100 -100 -100 -100 -100 
-100 -100 -100 -100 -100 -100 -100 -100 -100 -100 -100 -100 -100 -100 -100 -100 
-100 -100 -100 -100 -100 -100 -100 -100 -100 -100 -100 -100 -100 -100 -100 -100 
-100 -100 -100 -100 -100 -100 -100 -100 -100 -100 -100 -100 -100 -100 -100 -100 
-100 -100 -100 -100 -100 -100 -100 -100 -100 -100 -100 -100 -100 -100 -100 -100 
-100 -100 -100 -100 -100 -100 -100 -100 -100 -100 -100 -100 -100 -100 -100 -100 
-100 -100 -100 -100 -100 -100 -100 -100 -100 -100 -100 -100 -100 -100 -100 -100 
-100 -100 -100 -100 -100 -100 -100 -100 -100 -100 -100 -100 -100 -100 -100 -100 
-100 -100 -100 -100 -100 -100 -100 -100 -100 -100 -100 -100 -100 -100 -100 -100 
-100 -100 -100 -100 -100 -100 -100 -100 -100 -100 -100 -100 -100 -100 -100 -100 
-100 -100 -100 -100 -100 -100 -100 -100 -100 -100 -100 -100 -100 -100 -100 -100 
-100 -100 -100 -100 -100 -100 -100 -100 -100 -100 -100 -100 -100 -100 -100 -100 
-100 -100 -100 -100 -100 -100 -100 -100 -100 -100 -100 -100 -100 -100 -100 -100 
-100 -100 -100 -100 -100 -100 -100 -100 -100 -100 -100 -100 -100 -100 -100 -100 
-100 -100 -100 -100 -100 -100 -100 -100 -100 -100 -100 -100 -100 -100 -100 -100 
-100 -100 -100 -100 -100 -100 -100 -100 -100 -100 -100 -100 -100 -100 -100 -100 
-100 -100 -100 -100 -100 -100 -100 -100 -100 -100 -100 -100 -100 -100 -100 -100 
-100 -100 -100 -100 -100 -100 -100 -100 -100 -100 -100 -100 -100 -100 -100 -100 
-100 -100 -100 -100 -100 -100 -100 -100 -100 -100 -100 -100 -100 -100 -100 -100 
-100 -100 -100 -100 -100 -100 -100 -100 -100 -100 -100 -100 -100 -100 -100 -100 
-100 -100 -100 -100 -100 -100 -100 -100 -100 -100 -100 -100 -100 -100 -100 -100 
-100 -100 -100 -100 -100 -100 -100 -100 -100 -100 -100 -100 -100 -100 -100 -100 
-100 -100 -100 -100 -100 -100 -100 -100 -100 -100 -100 -100 -100 -100 -100 -100 
-100 -100 -100 -100 -100 -100 -100 -100 -100 -100 -100 -100 -100 -100 -100 -100 
-100 -100 -100 -100 -100 -100 -100 -100 -100 -100 -100 -100 -100 -100 -100 -100 
-100 -100 -100 -100 -100 -100 -100 -100 -100 -100 -100 -100 -100 -100 -100 -100 
-100 -100 -100 -100 -100 -100 -100 -100 -100 -100 -100 -100 -100 -100 -100 -100 
-100 -100 -100 -100 -100 -100 -100 -100 -100 -100 -100 -100 -100 -100 -100 -100 
-100 -100 -100 -100 -100 -100 -100 -100 -100 -100 -100 -100 -100 -100 -100 -100 
-100 -100 -100 -100 -100 -100 -100 -100 -100 -100 -100 -100 -100 -100 -100 -100 
-100 -100 -100 -100 -100 -100 -100 -100 -100 -100 -100 -100 -100 -100 0 0

led mean - cluster mean
-10 -10 -10 -10 -10 -10 -10 -10 -10 -10 -10 -10 -10 -10 -10 -10 
-10 -10 -10 -10 -10 -10 -10 -10 -10 -10 -10 -10 -10 -10 -10 -10 
-10 -10 -10 -10 -10 -10 -10 -10 -10 -10 -10 -10 -10 -10 -10 -10 
-10 -10 -10 -10 -10 -10 -10 -10 -10 -10 -10 -10 -10 -10 -10 -10 
-10 -10 -10 -10 -10 -10 -10 -10 -10 -10 -10 -10 -10 -10 -10 -10 
-10 -10 -10 -10 -10 -10 -10 -10 -10 -10 -10 -10 -10 -10 -10 -10 
-10 -10 -10 -10 -10 -10 -10 -10 -10 -10 -10 -10 -10 -10 -10 -10 
-10 -10 -10 -10 -10 -10 -10 -10 -10 -10 -10 -10 -10 -10 -10 -10 
-10 -10 -10 -10 -10 -10 -10 -10 -10 -10 -10 -10 -10 -10 -10 -10 
-10 -10 -10 -10 -10 -10 -10 -10 -10 -10 -10 -10 -10 -10 -10 -10 
-10 -10 -10 -10 -10 -10 -10 -10 -10 -10 -10 -10 -10 -10 -10 -10 
-10 -10 -10 -10 -10 -10 -10 -10 -10 -10 -10 -10 -10 -10 -10 -10 
-10 -10 -10 -10 -10 -10 -10 -10 -10 -10 -10 -10 -10 -10 -10 -10 
-10 -10 -10 -10 -10 -10 -10 -10 -10 -10 -10 -10 -10 -10 -10 -10 
-10 -10 -10 -10 -10 -10 -10 -10 -10 -10 -10 -10 -10 -10 -10 -10 
-10 -10 -10 -10 -10 -10 -10 -10 -10 -10 -10 -10 -10 -10 -10 -10 
-10 -10 -10 -10 -10 -10 -10 -10 -10 -10 -10 -10 -10 -10 -10 -10 
-10 -10 -10 -10 -10 -10 -10 -10 -10 -10 -10 -10 -10 -10 -10 -10 
-10 -10 -10 -10 -10 -10 -10 -10 -10 -10 -10 -10 -10 -10 -10 -10 
-10 -10 -10 -10 -10 -10 -10 -10 -10 -10 -10 -10 -10 -10 -10 -10 
-10 -10 -10 -10 -10 -10 -10 -10 -10 -10 -10 -10 -10 -10 -10 -10 
-10 -10 -10 -10 -10 -10 -10 -10 -10 -10 -10 -10 -10 -10 -10 -10 
-10 -10 -10 -10 -10 -10 -10 -10 -10 -10 -10 -10 -10 -10 -10 -10 
-10 -10 -10 -10 -10 -10 -10 -10 -10 -10 -10 -10 -10 -10 -10 -10 
-10 -10 -10 -10 -10 -10 -10 -10 -10 -10 -10 -10 -10 -10 -10 -10 
-10 -10 -10 -10 -10 -10 -10 -10 -10 -10 -10 -10 -10 -10 -10 -10 
-10 -10 -10 -10 -10 -10 -10 -10 -10 -10 -10 -10 -10 -10 -10 -10 
-10 -10 -10 -10 -10 -10 -10 -10 -10 -10 -10 -10 -10 -10 -10 -10 
-10 -10 -10 -10 -10 -10 -10 -10 -10 -10 -10 -10 -10 -10 -10 -10 
-10 -10 -10 -10 -10 -10 -10 -10 -10 -10 -10 -10 -10 -10 -10 -10 
-10 -10 -10 -10 -10 -10 -10 -10 -10 -10 -10 -10 -10 -10 -10 -10 
-10 -10 -10 -10 -10 -10 -10 -10 -10 -10 -10 -10 -10 -10 0 0

